<?xml version="1.0" encoding="UTF-8" standalone="no" ?>
<SimscapeMultibodyImportXML version="2.0" xmlns="urn:mathworks:SimscapeMultibody:import" xmlns:xsi="http://www.w3.org/2001/XMLSchema-instance">
<Created by="" on="03/16/24||17:25:20" using="Simscape Multibody Link Version 7.4" from="SolidWorks 28.0.0"/>
<ModelUnits mass="kilogram" length="millimeter"/>
<DataUnits mass="kilogram" length="meter"/>
<RootAssembly name="Assem -" uid="Assem -" version="239">
<AssemblyFile name="Assem -.SLDASM" type="SolidWorks Assembly"/>
<InstanceTree>
<Instance name="buttom up--1" uid="buttom up--1" grounded="true" entityUid="buttom up-*:*Default">
<Transform>
<Rotation>-0.82608883671724864 -0.22457937349937729 0.51685717451707147 -0.27209639454092788 0.96212266930748347 -0.016838090226339746 -0.49349851664313127 -0.15454473204632341 -0.85590603448495384</Rotation>
<Translation>0.65889847619837172 0.25563863259669939 -0.26320549143709898</Translation>
</Transform>
</Instance>
<Instance name="BELT Shelf-1" uid="BELT Shelf-1" entityUid="BELT Shelf" rigid="true">
<Transform>
<Rotation>0.82608883671724853 -0.22457937349937679 -0.51685717451707158 0.27209639454092743 0.96212266930748358 0.016838090226339888 0.49349851664313144 -0.15454473204632332 0.85590603448495373</Rotation>
<Translation>-0.17084803365198564 0.063593453306155956 -0.29624555873129327</Translation>
</Transform>
<Instance name="back roller-1" uid="back roller-1" entityUid="back roller*:*Default">
<Transform>
<Rotation>1 0 0 0 1 0 0 0 1</Rotation>
<Translation>-0.0044956458341243177 0.0098209008343901338 -0.32434756961333944</Translation>
</Transform>
</Instance>
<Instance name="belt support-1" uid="belt support-1" grounded="true" entityUid="belt support*:*Default">
<Transform>
<Rotation>1 0 0 0 1 0 0 0 1</Rotation>
<Translation>-0.0039956458341244838 -0.005179099165609824 0.31565243038666035</Translation>
</Transform>
</Instance>
<Instance name="roller plate-1" uid="roller plate-1" entityUid="roller plate*:*Default">
<Transform>
<Rotation>1 0 0 0 1 0 0 0 1</Rotation>
<Translation>0.10050435416587561 0.0048209008343901294 -0.30934756961333942</Translation>
</Transform>
</Instance>
<Instance name="Belt1-1^BELT Shelf-1" uid="Belt1-1^BELT Shelf-1" entityUid="Belt1-1^BELT Shelf*:*Default">
<Transform>
<Rotation>1.1102230246251568e-16 -1.2490009027033011e-16 0.99999999999999989 0 0.99999999999999989 1.2490009027033011e-16 -1 0 1.1102230246251565e-16</Rotation>
<Translation>0.10050435416587561 0.0098209008343901338 0.30565243038666035</Translation>
</Transform>
</Instance>
<Instance name="belt support-2" uid="belt support-2" entityUid="belt support*:*Default">
<Transform>
<Rotation>-1 1.2490009027033011e-16 -1.1102230246251563e-16 1.2490009027033011e-16 0.99999999999999989 0 1.1102230246251565e-16 0 -0.99999999999999989</Rotation>
<Translation>0.20500435416587567 -0.005179099165609824 -0.33434756961333956</Translation>
</Transform>
</Instance>
<Instance name="front roller-1" uid="front roller-1" entityUid="front roller*:*Default">
<Transform>
<Rotation>1 -1.3442630216115108e-16 0 -1.2490009027033011e-16 -0.20654966291015497 0.97843611786958329 -1.1102230246251565e-16 -0.97843611786958329 -0.20654966291015497</Rotation>
<Translation>0.013004354165875587 0.0098209008343901616 0.30565243038666035</Translation>
</Transform>
</Instance>
</Instance>
<Instance name="BELT Shelf-2" uid="BELT Shelf-2" entityUid="BELT Shelf" rigid="true">
<Transform>
<Rotation>0.82608883671724853 -0.22457937349937679 -0.51685717451707158 0.27209639454092743 0.96212266930748358 0.016838090226339888 0.49349851664313144 -0.15454473204632332 0.85590603448495373</Rotation>
<Translation>0.2521094507472455 0.2029068073111113 -0.04357431821001001</Translation>
</Transform>
<Instance name="back roller-1" uid="back roller-1" entityUid="back roller*:*Default">
<Transform>
<Rotation>1 0 0 0 1 0 0 0 1</Rotation>
<Translation>-0.0044956458341242622 0.0098209008343901616 -0.32434756961333955</Translation>
</Transform>
</Instance>
<Instance name="belt support-1" uid="belt support-1" grounded="true" entityUid="belt support*:*Default">
<Transform>
<Rotation>1 0 0 0 1 0 0 0 1</Rotation>
<Translation>-0.0039956458341243728 -0.0051790991656097962 0.31565243038666035</Translation>
</Transform>
</Instance>
<Instance name="roller plate-1" uid="roller plate-1" entityUid="roller plate*:*Default">
<Transform>
<Rotation>1 0 0 0 1 0 0 0 1</Rotation>
<Translation>0.10050435416587561 0.0048209008343901572 -0.30934756961333942</Translation>
</Transform>
</Instance>
<Instance name="Belt1-1^BELT Shelf-1" uid="Belt1-1^BELT Shelf-1" entityUid="Belt1-1^BELT Shelf*:*Default">
<Transform>
<Rotation>1.1102230246251568e-16 -1.2490009027033011e-16 0.99999999999999989 0 0.99999999999999989 1.2490009027033011e-16 -1 0 1.1102230246251565e-16</Rotation>
<Translation>0.10050435416587561 0.0098209008343901616 0.30565243038666035</Translation>
</Transform>
</Instance>
<Instance name="belt support-2" uid="belt support-2" entityUid="belt support*:*Default">
<Transform>
<Rotation>-1 1.2490009027033011e-16 -1.1102230246251563e-16 1.2490009027033011e-16 0.99999999999999989 0 1.1102230246251565e-16 0 -0.99999999999999989</Rotation>
<Translation>0.2050043541658757 -0.0051790991656097962 -0.33434756961333956</Translation>
</Transform>
</Instance>
<Instance name="front roller-1" uid="front roller-1" entityUid="front roller*:*Default">
<Transform>
<Rotation>1 -1.3442630216115108e-16 0 -1.2490009027033011e-16 -0.20654966291015497 0.97843611786958329 -1.1102230246251565e-16 -0.97843611786958329 -0.20654966291015497</Rotation>
<Translation>0.013004354165875642 0.0098209008343901893 0.30565243038666035</Translation>
</Transform>
</Instance>
</Instance>
<Instance name="BELT Shelf-3" uid="BELT Shelf-3" entityUid="BELT Shelf" rigid="true">
<Transform>
<Rotation>0.82608883671724842 -0.22457937349937657 -0.51685717451707158 0.27209639454092721 0.9621226693074838 0.016838090226339933 0.49349851664313155 -0.15454473204632332 0.85590603448495373</Rotation>
<Translation>0.040630708547629922 0.13325013030863353 -0.16990993847065156</Translation>
</Transform>
<Instance name="back roller-1" uid="back roller-1" entityUid="back roller*:*Default">
<Transform>
<Rotation>1 0 0 0 1 0 0 0 1</Rotation>
<Translation>-0.0044956458341243871 0.0098209008343901616 -0.32434756961333955</Translation>
</Transform>
</Instance>
<Instance name="belt support-1" uid="belt support-1" grounded="true" entityUid="belt support*:*Default">
<Transform>
<Rotation>1 0 0 0 1 0 0 0 1</Rotation>
<Translation>-0.0039956458341243728 -0.0051790991656097962 0.31565243038666035</Translation>
</Transform>
</Instance>
<Instance name="roller plate-1" uid="roller plate-1" entityUid="roller plate*:*Default">
<Transform>
<Rotation>1 0 0 0 1 0 0 0 1</Rotation>
<Translation>0.10050435416587548 0.0048209008343901572 -0.30934756961333931</Translation>
</Transform>
</Instance>
<Instance name="Belt1-1^BELT Shelf-1" uid="Belt1-1^BELT Shelf-1" entityUid="Belt1-1^BELT Shelf*:*Default">
<Transform>
<Rotation>0 0 0.99999999999999978 -1.1102230246251565e-16 1 0 -0.99999999999999978 -1.1102230246251565e-16 0</Rotation>
<Translation>0.10050435416587561 0.0098209008343901893 0.30565243038666035</Translation>
</Transform>
</Instance>
<Instance name="belt support-2" uid="belt support-2" entityUid="belt support*:*Default">
<Transform>
<Rotation>-0.99999999999999978 0 0 0 1 0 0 0 -0.99999999999999978</Rotation>
<Translation>0.20500435416587554 -0.0051790991656097962 -0.33434756961333945</Translation>
</Transform>
</Instance>
<Instance name="front roller-1" uid="front roller-1" entityUid="front roller*:*Default">
<Transform>
<Rotation>1 0 0 0 -0.2065496629101552 0.9784361178695834 0 -0.9784361178695834 -0.2065496629101552</Rotation>
<Translation>0.013004354165875621 0.0098209008343902171 0.30565243038666035</Translation>
</Transform>
</Instance>
</Instance>
<Instance name="shelfs with belts-1" uid="shelfs with belts-1" entityUid="shelfs with belts" rigid="true">
<Transform>
<Rotation>-0.82608883671724853 -0.22457937349937901 0.51685717451707103 -0.27209639454092743 0.96212266930748369 -0.016838090226335756 -0.49349851664313166 -0.1545447320463198 -0.85590603448495428</Rotation>
<Translation>-0.011149616736306073 0.58482111096963196 -0.20022186759692007</Translation>
</Transform>
<Instance name="structure-shelf-Base-room 1-1" uid="structure-shelf-Base-room 1-1" entityUid="structure-shelf-Base-room 1*:*Default&lt;As Machined&gt;">
<Transform>
<Rotation>1 0 0 0 1 0 0 0 1</Rotation>
<Translation>-0.40986755918776002 0.0055408815625431762 -0.28622996790491673</Translation>
</Transform>
</Instance>
<Instance name="bar between belts-2" uid="bar between belts-2" entityUid="bar between belts*:*Default">
<Transform>
<Rotation>1 0 0 0 1 0 0 0 1</Rotation>
<Translation>0.08363244081224025 0.027540881562546637 -0.30722996790491697</Translation>
</Transform>
</Instance>
<Instance name="BELT Shelf-2" uid="BELT Shelf-2" entityUid="BELT Shelf" rigid="true">
<Transform>
<Rotation>-1 0 -1.1102230246251565e-16 -2.2204460492503131e-16 1 4.1355807667287081e-15 4.4408920985006262e-16 4.1355807667287081e-15 -1</Rotation>
<Translation>0.065136794978115531 0.033219980728156351 0.0084224624817436922</Translation>
</Transform>
<Instance name="back roller-1" uid="back roller-1" entityUid="back roller*:*Default">
<Transform>
<Rotation>1 0 0 0 1 0 0 0 1</Rotation>
<Translation>-0.0044956458341243594 0.0098209008343901338 -0.3243475696133396</Translation>
</Transform>
</Instance>
<Instance name="belt support-1" uid="belt support-1" grounded="true" entityUid="belt support*:*Default">
<Transform>
<Rotation>1 0 0 0 1 0 0 0 1</Rotation>
<Translation>-0.0039956458341243867 -0.0051790991656098795 0.31565243038666041</Translation>
</Transform>
</Instance>
<Instance name="roller plate-1" uid="roller plate-1" entityUid="roller plate*:*Default">
<Transform>
<Rotation>1 0 0 0 1 0 0 0 1</Rotation>
<Translation>0.10050435416587554 0.0048209008343901294 -0.30934756961333948</Translation>
</Transform>
</Instance>
<Instance name="Belt1-1^BELT Shelf-1" uid="Belt1-1^BELT Shelf-1" entityUid="Belt1-1^BELT Shelf*:*Default">
<Transform>
<Rotation>0 0 1 0 1 0 -1 0 0</Rotation>
<Translation>0.10050435416587566 0.0098209008343901338 0.3056524303866604</Translation>
</Transform>
</Instance>
<Instance name="belt support-2" uid="belt support-2" entityUid="belt support*:*Default">
<Transform>
<Rotation>-1 0 0 0 1 0 0 0 -1</Rotation>
<Translation>0.20500435416587576 -0.0051790991656097685 -0.33434756961333961</Translation>
</Transform>
</Instance>
<Instance name="front roller-1" uid="front roller-1" entityUid="front roller*:*Default">
<Transform>
<Rotation>1 0 0 0 -0.20654966291015497 0.97843611786958329 0 -0.97843611786958329 -0.20654966291015492</Rotation>
<Translation>0.013004354165875627 0.0098209008343900228 0.30565243038666046</Translation>
</Transform>
</Instance>
</Instance>
<Instance name="shelf base11111-1" uid="shelf base11111-1" entityUid="shelf base11111*:*Default">
<Transform>
<Rotation>1 0 0 0 1 0 0 0 1</Rotation>
<Translation>0.047132440812240217 0.026540881562546637 0.048770032095083043</Translation>
</Transform>
</Instance>
<Instance name="BELT Shelf-1" uid="BELT Shelf-1" entityUid="BELT Shelf" rigid="true">
<Transform>
<Rotation>-1 0 -1.1102230246251565e-16 -2.2204460492503131e-16 1 4.1355807667287081e-15 4.4408920985006262e-16 4.1355807667287081e-15 -1</Rotation>
<Translation>0.3211367949781157 0.033219980728157905 0.0084224624817435534</Translation>
</Transform>
<Instance name="back roller-1" uid="back roller-1" entityUid="back roller*:*Default">
<Transform>
<Rotation>1 0 0 0 1 0 0 0 1</Rotation>
<Translation>-0.0044956458341243177 0.0098209008343902449 -0.32434756961333966</Translation>
</Transform>
</Instance>
<Instance name="belt support-1" uid="belt support-1" grounded="true" entityUid="belt support*:*Default">
<Transform>
<Rotation>1 0 0 0 1 0 0 0 1</Rotation>
<Translation>-0.0039956458341243728 -0.0051790991656099905 0.31565243038666041</Translation>
</Transform>
</Instance>
<Instance name="roller plate-1" uid="roller plate-1" entityUid="roller plate*:*Default">
<Transform>
<Rotation>1 0 0 0 1 0 0 0 1</Rotation>
<Translation>0.10050435416587558 0.0048209008343901294 -0.30934756961333953</Translation>
</Transform>
</Instance>
<Instance name="Belt1-1^BELT Shelf-1" uid="Belt1-1^BELT Shelf-1" entityUid="Belt1-1^BELT Shelf*:*Default">
<Transform>
<Rotation>0 0 1 0 1 0 -1 0 0</Rotation>
<Translation>0.10050435416587566 0.0098209008343901338 0.30565243038666046</Translation>
</Transform>
</Instance>
<Instance name="belt support-2" uid="belt support-2" entityUid="belt support*:*Default">
<Transform>
<Rotation>-1 0 0 0 1 0 0 0 -1</Rotation>
<Translation>0.20500435416587573 -0.0051790991656097685 -0.33434756961333956</Translation>
</Transform>
</Instance>
<Instance name="front roller-1" uid="front roller-1" entityUid="front roller*:*Default">
<Transform>
<Rotation>1 0 0 0 -0.20654966291015497 0.97843611786958329 0 -0.97843611786958329 -0.20654966291015492</Rotation>
<Translation>0.013004354165875642 0.0098209008343901338 0.30565243038666046</Translation>
</Transform>
</Instance>
</Instance>
<Instance name="bar between belts-1" uid="bar between belts-1" entityUid="bar between belts*:*Default">
<Transform>
<Rotation>1 0 0 0 1 0 0 0 1</Rotation>
<Translation>-0.16636755918775978 0.027540881562546637 -0.30722996790491686</Translation>
</Transform>
</Instance>
<Instance name="BELT Shelf-3" uid="BELT Shelf-3" entityUid="BELT Shelf" rigid="true">
<Transform>
<Rotation>-1 1.9428902930940239e-16 1.1102230246251565e-16 -2.2204460492503131e-16 1 0 4.4408920985006262e-16 0 -1</Rotation>
<Translation>-0.19086320502188442 0.033219980728146026 0.0084224624817436089</Translation>
</Transform>
<Instance name="back roller-1" uid="back roller-1" entityUid="back roller*:*Default">
<Transform>
<Rotation>1 0 0 0 1 0 0 0 1</Rotation>
<Translation>-0.0044956458341242345 0.0098209008343902449 -0.32434756961333949</Translation>
</Transform>
</Instance>
<Instance name="belt support-1" uid="belt support-1" grounded="true" entityUid="belt support*:*Default">
<Transform>
<Rotation>1 0 0 0 1 0 0 0 1</Rotation>
<Translation>-0.0039956458341244006 -0.0051790991656098795 0.31565243038666035</Translation>
</Transform>
</Instance>
<Instance name="roller plate-1" uid="roller plate-1" entityUid="roller plate*:*Default">
<Transform>
<Rotation>1 0 0 0 1 0 0 0 1</Rotation>
<Translation>0.10050435416587558 0.0048209008343901294 -0.30934756961333937</Translation>
</Transform>
</Instance>
<Instance name="Belt1-1^BELT Shelf-1" uid="Belt1-1^BELT Shelf-1" entityUid="Belt1-1^BELT Shelf*:*Default">
<Transform>
<Rotation>2.2204460492503136e-16 -2.2204460492503131e-16 1 0 1 2.2204460492503131e-16 -1 0 2.2204460492503136e-16</Rotation>
<Translation>0.10050435416587558 0.0098209008343901338 0.30565243038666023</Translation>
</Transform>
</Instance>
<Instance name="belt support-2" uid="belt support-2" entityUid="belt support*:*Default">
<Transform>
<Rotation>-1 2.2204460492503131e-16 -2.2204460492503131e-16 2.2204460492503131e-16 1 0 2.2204460492503131e-16 0 -1</Rotation>
<Translation>0.20500435416587579 -0.0051790991656097685 -0.3343475696133395</Translation>
</Transform>
</Instance>
<Instance name="front roller-1" uid="front roller-1" entityUid="front roller*:*Default">
<Transform>
<Rotation>1 -2.6311969953501677e-16 1.7139322293844923e-16 -2.2204460492503131e-16 -0.20654966291015497 0.97843611786958329 -2.2204460492503131e-16 -0.97843611786958329 -0.20654966291015497</Rotation>
<Translation>0.013004354165875559 0.0098209008343901338 0.30565243038666029</Translation>
</Transform>
</Instance>
</Instance>
</Instance>
<Instance name="roller disk-1" uid="roller disk-1" entityUid="roller disk" rigid="true">
<Transform>
<Rotation>0.82608883671724798 -0.22457937349937804 -0.51685717451707169 0.27209639454092838 0.96212266930748347 0.016838090226339031 0.49349851664313182 -0.15454473204632307 0.85590603448495384</Rotation>
<Translation>0.40781788779038708 0.68558386227390644 0.54256117422680883</Translation>
</Transform>
<Instance name="roller -disk-8" uid="roller -disk-8" entityUid="roller -disk*:*Default">
<Transform>
<Rotation>1 0 -1.6653345369377348e-16 0 0.90127289323010484 0.43325185738625061 3.3306690738754696e-16 -0.43325185738625049 0.90127289323010484</Rotation>
<Translation>-0.28421632991046575 0.18847942016128594 -0.10289107073363291</Translation>
</Transform>
</Instance>
<Instance name="roller -disk-5" uid="roller -disk-5" entityUid="roller -disk*:*Default">
<Transform>
<Rotation>1 0 -1.6653345369377348e-16 0 0.90127289323010484 0.43325185738625061 3.3306690738754696e-16 -0.43325185738625049 0.90127289323010484</Rotation>
<Translation>-0.28421632991046575 0.18847942016128605 -0.027891070733632867</Translation>
</Transform>
</Instance>
<Instance name="roller -disk-2" uid="roller -disk-2" entityUid="roller -disk*:*Default">
<Transform>
<Rotation>1 0 -1.6653345369377348e-16 0 0.90127289323010484 0.43325185738625061 3.3306690738754696e-16 -0.43325185738625049 0.90127289323010484</Rotation>
<Translation>-0.28421632991046575 0.18847942016128583 0.047108929266367117</Translation>
</Transform>
</Instance>
<Instance name="roller -disk-3" uid="roller -disk-3" entityUid="roller -disk*:*Default">
<Transform>
<Rotation>1 0 -1.6653345369377348e-16 0 0.90127289323010484 0.43325185738625061 3.3306690738754696e-16 -0.43325185738625049 0.90127289323010484</Rotation>
<Translation>-0.28421632991046564 0.18847942016128594 0.022108929266367094</Translation>
</Transform>
</Instance>
<Instance name="roller -disk-4" uid="roller -disk-4" entityUid="roller -disk*:*Default">
<Transform>
<Rotation>1 0 -1.6653345369377348e-16 0 0.90127289323010484 0.43325185738625061 3.3306690738754696e-16 -0.43325185738625049 0.90127289323010484</Rotation>
<Translation>-0.28421632991046564 0.18847942016128594 -0.0028910707336328723</Translation>
</Transform>
</Instance>
<Instance name="roller -disk-6" uid="roller -disk-6" entityUid="roller -disk*:*Default">
<Transform>
<Rotation>1 0 -1.6653345369377348e-16 0 0.90127289323010484 0.43325185738625061 3.3306690738754696e-16 -0.43325185738625049 0.90127289323010484</Rotation>
<Translation>-0.28421632991046575 0.18847942016128583 -0.052891070733632861</Translation>
</Transform>
</Instance>
<Instance name="roller -disk-7" uid="roller -disk-7" entityUid="roller -disk*:*Default">
<Transform>
<Rotation>1 0 -1.6653345369377348e-16 0 0.90127289323010484 0.43325185738625061 3.3306690738754696e-16 -0.43325185738625049 0.90127289323010484</Rotation>
<Translation>-0.28421632991046575 0.18847942016128583 -0.077891070733632883</Translation>
</Transform>
</Instance>
<Instance name="disk base-1" uid="disk base-1" grounded="true" entityUid="disk base*:*Default">
<Transform>
<Rotation>1 0 0 0 1 0 0 0 1</Rotation>
<Translation>-0.51721632991046573 0.14747942016128579 -0.10889107073363308</Translation>
</Transform>
</Instance>
<Instance name="wheels_04[1]-1" uid="wheels_04[1]-1" entityUid="wheels_04[1]" rigid="true">
<Transform>
<Rotation>2.2204460492503131e-16 0 1 0 -1 0 1 -1.1102230246251565e-16 0</Rotation>
<Translation>-0.57210058723796986 0.20926367341687024 0.030693250358906021</Translation>
</Transform>
<Instance name="hex flange nut gradea_iso-22" uid="hex flange nut gradea_iso-22" entityUid="hex flange nut gradea_iso*:*PreviewCfg">
<Transform>
<Rotation>1 0 0 0 0 0.99999999999999989 0 -1 0</Rotation>
<Translation>-0.0030843210925391995 0.072784253255584352 0.068514257327503936</Translation>
</Transform>
</Instance>
<Instance name="plain washer large grade ac_iso-27" uid="plain washer large grade ac_iso-27" entityUid="plain washer large grade ac_iso*:*PreviewCfg">
<Transform>
<Rotation>0 1 0 -0.99999999999999989 0 0 0 0 1</Rotation>
<Translation>0.096615678907460756 0.081984253255584338 0.068514257327503936</Translation>
</Transform>
</Instance>
<Instance name="hex flange nut gradea_iso-23" uid="hex flange nut gradea_iso-23" entityUid="hex flange nut gradea_iso*:*PreviewCfg">
<Transform>
<Rotation>1 0 0 0 0 0.99999999999999989 0 -1 0</Rotation>
<Translation>-0.003084321092539144 0.072784253255584352 0.12915425732750396</Translation>
</Transform>
</Instance>
<Instance name="plate127-1" uid="plate127-1" grounded="true" entityUid="plate127*:*Default">
<Transform>
<Rotation>1 0 0 0 1 0 0 0 1</Rotation>
<Translation>0.046765678907460861 0.064784253255584345 0.098834257327503949</Translation>
</Transform>
</Instance>
<Instance name="hex bolt gradeab_iso-13" uid="hex bolt gradeab_iso-13" entityUid="hex bolt gradeab_iso*:*PreviewCfg">
<Transform>
<Rotation>0 -1 0 0.99999999999999989 0 0 0 0 1</Rotation>
<Translation>-0.003084321092539144 0.061284253255584287 0.12915425732750396</Translation>
</Transform>
</Instance>
<Instance name="hex bolt gradeab_iso-16" uid="hex bolt gradeab_iso-16" entityUid="hex bolt gradeab_iso*:*PreviewCfg">
<Transform>
<Rotation>0 -1 0 0.99999999999999989 0 0 0 0 1</Rotation>
<Translation>0.096615678907460811 0.061284253255584287 0.12915425732750396</Translation>
</Transform>
</Instance>
<Instance name="hex flange nut gradea_iso-25" uid="hex flange nut gradea_iso-25" entityUid="hex flange nut gradea_iso*:*PreviewCfg">
<Transform>
<Rotation>1 0 0 0 0 0.99999999999999989 0 -1 0</Rotation>
<Translation>0.096615678907460867 0.072784253255584241 0.12915425732750396</Translation>
</Transform>
</Instance>
<Instance name="plain washer large grade ac_iso-22" uid="plain washer large grade ac_iso-22" entityUid="plain washer large grade ac_iso*:*PreviewCfg">
<Transform>
<Rotation>0 1 0 -0.99999999999999989 0 0 0 0 1</Rotation>
<Translation>0.096615678907460867 0.072784253255584352 0.068514257327503936</Translation>
</Transform>
</Instance>
<Instance name="ring11-1" uid="ring11-1" entityUid="ring11*:*Default">
<Transform>
<Rotation>1 0 0 0 1 0 0 0 1</Rotation>
<Translation>0.096615678907460867 0.073984253255584442 0.12915425732750396</Translation>
</Transform>
</Instance>
<Instance name="ring11-4" uid="ring11-4" entityUid="ring11*:*Default">
<Transform>
<Rotation>1 0 0 0 1 0 0 0 1</Rotation>
<Translation>-0.003084321092539144 0.073984253255584331 0.068514257327503936</Translation>
</Transform>
</Instance>
<Instance name="ring11-2" uid="ring11-2" entityUid="ring11*:*Default">
<Transform>
<Rotation>1 0 0 0 1 0 0 0 1</Rotation>
<Translation>-0.003084321092539144 0.073984253255584442 0.12915425732750402</Translation>
</Transform>
</Instance>
<Instance name="plain washer large grade ac_iso-25" uid="plain washer large grade ac_iso-25" entityUid="plain washer large grade ac_iso*:*PreviewCfg">
<Transform>
<Rotation>0 1 0 -0.99999999999999989 0 0 0 0 1</Rotation>
<Translation>-0.003084321092539144 0.081984253255584449 0.068514257327503936</Translation>
</Transform>
</Instance>
<Instance name="plain washer large grade ac_iso-26" uid="plain washer large grade ac_iso-26" entityUid="plain washer large grade ac_iso*:*PreviewCfg">
<Transform>
<Rotation>0 1 0 -0.99999999999999989 0 0 0 0 1</Rotation>
<Translation>-0.003084321092539144 0.081984253255584338 0.12915425732750396</Translation>
</Transform>
</Instance>
<Instance name="plain washer large grade ac_iso-28" uid="plain washer large grade ac_iso-28" entityUid="plain washer large grade ac_iso*:*PreviewCfg">
<Transform>
<Rotation>0 1 0 -0.99999999999999989 0 0 0 0 1</Rotation>
<Translation>0.096615678907460867 0.081984253255584338 0.12915425732750396</Translation>
</Transform>
</Instance>
<Instance name="hex bolt gradeab_iso-14" uid="hex bolt gradeab_iso-14" entityUid="hex bolt gradeab_iso*:*PreviewCfg">
<Transform>
<Rotation>0 -1 0 0.99999999999999989 0 0 0 0 1</Rotation>
<Translation>-0.003084321092539144 0.061284253255584287 0.068514257327503936</Translation>
</Transform>
</Instance>
<Instance name="plain washer large grade ac_iso-20" uid="plain washer large grade ac_iso-20" entityUid="plain washer large grade ac_iso*:*PreviewCfg">
<Transform>
<Rotation>0 1 0 -0.99999999999999989 0 0 0 0 1</Rotation>
<Translation>-0.003084321092539144 0.072784253255584352 0.12915425732750396</Translation>
</Transform>
</Instance>
<Instance name="hex flange nut gradea_iso-24" uid="hex flange nut gradea_iso-24" entityUid="hex flange nut gradea_iso*:*PreviewCfg">
<Transform>
<Rotation>1 0 0 0 0 0.99999999999999989 0 -1 0</Rotation>
<Translation>0.096615678907460811 0.072784253255584241 0.068514257327503936</Translation>
</Transform>
</Instance>
<Instance name="plain washer large grade ac_iso-19" uid="plain washer large grade ac_iso-19" entityUid="plain washer large grade ac_iso*:*PreviewCfg">
<Transform>
<Rotation>1.3877787807814457e-16 1 0 -0.99999999999999989 0 0 0 0 1</Rotation>
<Translation>-0.0030843210925391995 0.072784253255584352 0.068514257327503936</Translation>
</Transform>
</Instance>
<Instance name="hex bolt gradeab_iso-15" uid="hex bolt gradeab_iso-15" entityUid="hex bolt gradeab_iso*:*PreviewCfg">
<Transform>
<Rotation>0 -1 0 0.99999999999999989 0 0 0 0 1</Rotation>
<Translation>0.096615678907460811 0.061284253255584287 0.068514257327503991</Translation>
</Transform>
</Instance>
<Instance name="plain washer large grade ac_iso-23" uid="plain washer large grade ac_iso-23" entityUid="plain washer large grade ac_iso*:*PreviewCfg">
<Transform>
<Rotation>0 1 0 -0.99999999999999989 0 0 0 0 1</Rotation>
<Translation>0.096615678907460867 0.072784253255584241 0.12915425732750396</Translation>
</Transform>
</Instance>
<Instance name="ring11-3" uid="ring11-3" entityUid="ring11*:*Default">
<Transform>
<Rotation>1 0 0 0 1 0 0 0 1</Rotation>
<Translation>0.096615678907460811 0.073984253255584331 0.068514257327503936</Translation>
</Transform>
</Instance>
<Instance name="plain washer large grade ac_iso-31" uid="plain washer large grade ac_iso-31" entityUid="plain washer large grade ac_iso*:*PreviewCfg">
<Transform>
<Rotation>0 1 0 -0.99999999999999989 0 0 0 0 1</Rotation>
<Translation>-0.003084321092539144 0.093384253255584193 0.068514257327503991</Translation>
</Transform>
</Instance>
<Instance name="plain washer large grade ac_iso-30" uid="plain washer large grade ac_iso-30" entityUid="plain washer large grade ac_iso*:*PreviewCfg">
<Transform>
<Rotation>0 1 0 -0.99999999999999989 0 0 0 0 1</Rotation>
<Translation>-0.003084321092539144 0.093384253255584415 0.12915425732750396</Translation>
</Transform>
</Instance>
<Instance name="wheel-3" uid="wheel-3" entityUid="wheel" rigid="true">
<Transform>
<Rotation>1 1.6653345369377348e-16 -1.3877787807814457e-16 1.1102230246251565e-16 0 0.99999999999999989 1.6653345369377348e-16 -1 0</Rotation>
<Translation>0.09776973224065072 0.077287341665360443 0.075812137354089093</Translation>
</Transform>
<Instance name="wheelIN-1" uid="wheelIN-1" grounded="true" entityUid="wheelIN*:*Default">
<Transform>
<Rotation>1 0 0 0 1 0 0 0 1</Rotation>
<Translation>-0.0011540533331899083 0.0072978800265851018 0.016096911590223972</Translation>
</Transform>
</Instance>
<Instance name="wheelOUT-1" uid="wheelOUT-1" entityUid="wheelOUT*:*Default">
<Transform>
<Rotation>0.88796480341470807 -0.45991141309678207 0 0.45991141309678213 0.88796480341470807 0 0 0 0.99999999999999989</Rotation>
<Translation>-0.0011540533331899083 0.0072978800265851018 0.016096911590223972</Translation>
</Transform>
</Instance>
</Instance>
<Instance name="hex flange nut gradea_iso-28" uid="hex flange nut gradea_iso-28" entityUid="hex flange nut gradea_iso*:*PreviewCfg">
<Transform>
<Rotation>1 0 0 0 0 0.99999999999999989 0 -1 0</Rotation>
<Translation>-0.0030843210925391995 0.099584253255584287 0.068514257327503991</Translation>
</Transform>
</Instance>
<Instance name="plain washer large grade ac_iso-33" uid="plain washer large grade ac_iso-33" entityUid="plain washer large grade ac_iso*:*PreviewCfg">
<Transform>
<Rotation>0 1 0 -0.99999999999999989 0 0 0 0 1</Rotation>
<Translation>0.096615678907460867 0.093384253255584304 0.12915425732750396</Translation>
</Transform>
</Instance>
<Instance name="hex flange nut gradea_iso-29" uid="hex flange nut gradea_iso-29" entityUid="hex flange nut gradea_iso*:*PreviewCfg">
<Transform>
<Rotation>1 0 0 0 0 0.99999999999999989 0 -1 0</Rotation>
<Translation>0.096615678907460867 0.099584253255584287 0.12915425732750396</Translation>
</Transform>
</Instance>
<Instance name="hex flange nut gradea_iso-30" uid="hex flange nut gradea_iso-30" entityUid="hex flange nut gradea_iso*:*PreviewCfg">
<Transform>
<Rotation>1 1.6653345369377348e-16 -1.3877787807814457e-16 1.1102230246251565e-16 0 0.99999999999999989 1.6653345369377348e-16 -1 0</Rotation>
<Translation>0.096615678907460867 0.099584253255584398 0.068514257327503991</Translation>
</Transform>
</Instance>
<Instance name="wheel-1" uid="wheel-1" entityUid="wheel" rigid="true">
<Transform>
<Rotation>1 0 0 0 0 0.99999999999999989 0 -1 0</Rotation>
<Translation>0.097769732240650775 0.077287341665360332 0.13645213735408906</Translation>
</Transform>
<Instance name="wheelIN-1" uid="wheelIN-1" grounded="true" entityUid="wheelIN*:*Default">
<Transform>
<Rotation>1 0 0 0 1 0 0 0 1</Rotation>
<Translation>-0.0011540533331899083 0.0072978800265851018 0.016096911590223972</Translation>
</Transform>
</Instance>
<Instance name="wheelOUT-1" uid="wheelOUT-1" entityUid="wheelOUT*:*Default">
<Transform>
<Rotation>0.88796480341470807 -0.45991141309678202 0 0.45991141309678202 0.88796480341470785 0 0 0 0.99999999999999989</Rotation>
<Translation>-0.0011540533331899083 0.0072978800265851018 0.016096911590223972</Translation>
</Transform>
</Instance>
</Instance>
<Instance name="wheel-2" uid="wheel-2" entityUid="wheel" rigid="true">
<Transform>
<Rotation>1 0 0 0 0 0.99999999999999989 0 -1 0</Rotation>
<Translation>-0.0019302677593492357 0.077287341665360443 0.13645213735408912</Translation>
</Transform>
<Instance name="wheelIN-1" uid="wheelIN-1" grounded="true" entityUid="wheelIN*:*Default">
<Transform>
<Rotation>1 0 0 0 1 0 0 0 1</Rotation>
<Translation>-0.0011540533331899083 0.0072978800265851573 0.016096911590223972</Translation>
</Transform>
</Instance>
<Instance name="wheelOUT-1" uid="wheelOUT-1" entityUid="wheelOUT*:*Default">
<Transform>
<Rotation>0.88796480341470807 -0.45991141309678202 0 0.45991141309678202 0.88796480341470785 0 0 0 0.99999999999999989</Rotation>
<Translation>-0.0011540533331899083 0.0072978800265851573 0.016096911590223972</Translation>
</Transform>
</Instance>
</Instance>
<Instance name="wheel-4" uid="wheel-4" entityUid="wheel" rigid="true">
<Transform>
<Rotation>1 0 0 0 0 0.99999999999999989 0 -1 0</Rotation>
<Translation>-0.0019302677593492912 0.077287341665360443 0.075812137354089038</Translation>
</Transform>
<Instance name="wheelIN-1" uid="wheelIN-1" grounded="true" entityUid="wheelIN*:*Default">
<Transform>
<Rotation>1 0 0 0 1 0 0 0 1</Rotation>
<Translation>-0.0011540533331899083 0.0072978800265851018 0.016096911590223861</Translation>
</Transform>
</Instance>
<Instance name="wheelOUT-1" uid="wheelOUT-1" entityUid="wheelOUT*:*Default">
<Transform>
<Rotation>0.88796480341470807 -0.45991141309678202 0 0.45991141309678202 0.88796480341470785 0 0 0 0.99999999999999989</Rotation>
<Translation>-0.0011540533331899083 0.0072978800265851018 0.016096911590223861</Translation>
</Transform>
</Instance>
</Instance>
<Instance name="plain washer large grade ac_iso-32" uid="plain washer large grade ac_iso-32" entityUid="plain washer large grade ac_iso*:*PreviewCfg">
<Transform>
<Rotation>1.3877787807814457e-16 1 0 -0.99999999999999989 0 0 0 0 1</Rotation>
<Translation>0.096615678907460811 0.093384253255584415 0.068514257327503936</Translation>
</Transform>
</Instance>
<Instance name="hex flange nut gradea_iso-27" uid="hex flange nut gradea_iso-27" entityUid="hex flange nut gradea_iso*:*PreviewCfg">
<Transform>
<Rotation>1 0 0 0 0 0.99999999999999989 0 -1 0</Rotation>
<Translation>-0.003084321092539144 0.098384253255584309 0.12915425732750402</Translation>
</Transform>
</Instance>
</Instance>
<Instance name="support of roller2-1" uid="support of roller2-1" entityUid="support of roller2*:*Default">
<Transform>
<Rotation>-1 -1.6653345369377348e-16 -1.5265566588595902e-16 2.3592239273284576e-16 -1.6653345369377348e-16 -1 -1.1102230246251565e-16 -1 1.1102230246251565e-16</Rotation>
<Translation>-0.16921632991046565 0.14947942016128579 0.0911089292663671</Translation>
</Transform>
</Instance>
<Instance name="front side-1" uid="front side-1" entityUid="front side*:*Default">
<Transform>
<Rotation>0 -2.7755575615628914e-16 -1 1 1.1102230246251565e-16 0 1.1102230246251563e-16 -1 2.7755575615628914e-16</Rotation>
<Translation>-0.51721632991046529 0.1474794201612859 0.1401089292663687</Translation>
</Transform>
</Instance>
<Instance name="roller -disk-1" uid="roller -disk-1" entityUid="roller -disk*:*Default">
<Transform>
<Rotation>1 0 -1.6653345369377348e-16 0 0.90127289323010484 0.43325185738625061 3.3306690738754696e-16 -0.43325185738625049 0.90127289323010484</Rotation>
<Translation>-0.28421632991046564 0.18847942016128583 0.072108929266366972</Translation>
</Transform>
</Instance>
<Instance name="support of roller-2" uid="support of roller-2" entityUid="support of roller*:*Default">
<Transform>
<Rotation>-1 2.7755575615628909e-16 -2.0816681711721678e-16 2.081668171172168e-16 0 -0.99999999999999989 -2.7755575615628909e-16 -0.99999999999999989 0</Rotation>
<Translation>-0.40121632991046569 0.1494794201612859 0.091108929266366934</Translation>
</Transform>
</Instance>
</Instance>
<Instance name="shelfs with belts-2" uid="shelfs with belts-2" entityUid="shelfs with belts" rigid="true">
<Transform>
<Rotation>-0.82608883671724853 -0.22457937349937873 0.51685717451707081 -0.27209639454092721 0.96212266930748391 -0.01683809022633577 -0.4934985166431316 -0.15454473204631955 -0.85590603448495461</Rotation>
<Translation>0.043198591650542621 0.35198742499722124 -0.16282204244170989</Translation>
</Transform>
<Instance name="structure-shelf-Base-room 1-1" uid="structure-shelf-Base-room 1-1" entityUid="structure-shelf-Base-room 1*:*Default&lt;As Machined&gt;">
<Transform>
<Rotation>1 0 0 0 1 0 0 0 1</Rotation>
<Translation>-0.40986755918776002 0.0055408815625432872 -0.28622996790491695</Translation>
</Transform>
</Instance>
<Instance name="bar between belts-2" uid="bar between belts-2" entityUid="bar between belts*:*Default">
<Transform>
<Rotation>1 0 0 0 1 0 0 0 1</Rotation>
<Translation>0.083632440812240139 0.027540881562546693 -0.30722996790491708</Translation>
</Transform>
</Instance>
<Instance name="BELT Shelf-2" uid="BELT Shelf-2" entityUid="BELT Shelf" rigid="true">
<Transform>
<Rotation>-1 0 -1.6653345369377365e-16 0 1 4.1078251911130784e-15 1.6653345369377348e-16 4.1078251911130784e-15 -1</Rotation>
<Translation>0.065136794978115531 0.033219980728156351 0.0084224624817436922</Translation>
</Transform>
<Instance name="back roller-1" uid="back roller-1" entityUid="back roller*:*Default">
<Transform>
<Rotation>1 0 0 0 1 0 0 0 1</Rotation>
<Translation>-0.0044956458341243594 0.0098209008343901893 -0.32434756961333955</Translation>
</Transform>
</Instance>
<Instance name="belt support-1" uid="belt support-1" grounded="true" entityUid="belt support*:*Default">
<Transform>
<Rotation>1 0 0 0 1 0 0 0 1</Rotation>
<Translation>-0.0039956458341243832 -0.005179099165609824 0.31565243038666035</Translation>
</Transform>
</Instance>
<Instance name="roller plate-1" uid="roller plate-1" entityUid="roller plate*:*Default">
<Transform>
<Rotation>1 0 0 0 1 0 0 0 1</Rotation>
<Translation>0.10050435416587546 0.0048209008343901849 -0.30934756961333953</Translation>
</Transform>
</Instance>
<Instance name="Belt1-1^BELT Shelf-1" uid="Belt1-1^BELT Shelf-1" entityUid="Belt1-1^BELT Shelf*:*Default">
<Transform>
<Rotation>0 0 0.99999999999999989 0 1.0000000000000002 0 -1 0 0</Rotation>
<Translation>0.10050435416587562 0.0098209008343901338 0.30565243038666046</Translation>
</Transform>
</Instance>
<Instance name="belt support-2" uid="belt support-2" entityUid="belt support*:*Default">
<Transform>
<Rotation>-0.99999999999999989 0 0 0 1.0000000000000002 0 0 0 -1</Rotation>
<Translation>0.20500435416587554 -0.005179099165609824 -0.33434756961333956</Translation>
</Transform>
</Instance>
<Instance name="front roller-1" uid="front roller-1" entityUid="front roller*:*Default">
<Transform>
<Rotation>0.99999999999999989 0 0 0 -0.20654966291015495 0.9784361178695834 0 -0.97843611786958351 -0.20654966291015497</Rotation>
<Translation>0.013004354165875618 0.0098209008343901338 0.3056524303866604</Translation>
</Transform>
</Instance>
</Instance>
<Instance name="shelf base11111-1" uid="shelf base11111-1" entityUid="shelf base11111*:*Default">
<Transform>
<Rotation>1 0 0 0 1 0 0 0 1</Rotation>
<Translation>0.047132440812240259 0.026540881562546637 0.048770032095083127</Translation>
</Transform>
</Instance>
<Instance name="BELT Shelf-1" uid="BELT Shelf-1" entityUid="BELT Shelf" rigid="true">
<Transform>
<Rotation>-1 0 -1.6653345369377365e-16 0 1 4.1078251911130784e-15 1.6653345369377348e-16 4.1078251911130784e-15 -1</Rotation>
<Translation>0.32113679497811565 0.033219980728157794 0.0084224624817436089</Translation>
</Transform>
<Instance name="back roller-1" uid="back roller-1" entityUid="back roller*:*Default">
<Transform>
<Rotation>1 0 0 0 1 0 0 0 1</Rotation>
<Translation>-0.0044956458341243177 0.0098209008343901893 -0.32434756961333955</Translation>
</Transform>
</Instance>
<Instance name="belt support-1" uid="belt support-1" grounded="true" entityUid="belt support*:*Default">
<Transform>
<Rotation>1 0 0 0 1 0 0 0 1</Rotation>
<Translation>-0.0039956458341244283 -0.0051790991656098795 0.31565243038666035</Translation>
</Transform>
</Instance>
<Instance name="roller plate-1" uid="roller plate-1" entityUid="roller plate*:*Default">
<Transform>
<Rotation>1 0 0 0 1 0 0 0 1</Rotation>
<Translation>0.1005043541658755 0.0048209008343901849 -0.30934756961333953</Translation>
</Transform>
</Instance>
<Instance name="Belt1-1^BELT Shelf-1" uid="Belt1-1^BELT Shelf-1" entityUid="Belt1-1^BELT Shelf*:*Default">
<Transform>
<Rotation>0 0 0.99999999999999989 0 1.0000000000000002 0 -1 0 0</Rotation>
<Translation>0.10050435416587566 0.0098209008343901893 0.30565243038666035</Translation>
</Transform>
</Instance>
<Instance name="belt support-2" uid="belt support-2" entityUid="belt support*:*Default">
<Transform>
<Rotation>-0.99999999999999989 0 0 0 1.0000000000000002 0 0 0 -1</Rotation>
<Translation>0.20500435416587556 -0.005179099165609713 -0.33434756961333956</Translation>
</Transform>
</Instance>
<Instance name="front roller-1" uid="front roller-1" entityUid="front roller*:*Default">
<Transform>
<Rotation>0.99999999999999989 0 0 0 -0.20654966291015495 0.9784361178695834 0 -0.97843611786958351 -0.20654966291015497</Rotation>
<Translation>0.013004354165875642 0.0098209008343901338 0.3056524303866604</Translation>
</Transform>
</Instance>
</Instance>
<Instance name="bar between belts-1" uid="bar between belts-1" entityUid="bar between belts*:*Default">
<Transform>
<Rotation>1 0 0 0 1 0 0 0 1</Rotation>
<Translation>-0.16636755918775986 0.027540881562546582 -0.30722996790491708</Translation>
</Transform>
</Instance>
<Instance name="BELT Shelf-3" uid="BELT Shelf-3" entityUid="BELT Shelf" rigid="true">
<Transform>
<Rotation>-1 0 -1.6653345369377348e-16 0 1 0 1.6653345369377348e-16 0 -1</Rotation>
<Translation>-0.19086320502188442 0.033219980728146137 0.0084224624817435534</Translation>
</Transform>
<Instance name="back roller-1" uid="back roller-1" entityUid="back roller*:*Default">
<Transform>
<Rotation>1 0 0 0 1 0 0 0 1</Rotation>
<Translation>-0.0044956458341243732 0.0098209008343901338 -0.3243475696133396</Translation>
</Transform>
</Instance>
<Instance name="belt support-1" uid="belt support-1" grounded="true" entityUid="belt support*:*Default">
<Transform>
<Rotation>1 0 0 0 1 0 0 0 1</Rotation>
<Translation>-0.003995645834124345 -0.0051790991656097685 0.31565243038666041</Translation>
</Transform>
</Instance>
<Instance name="roller plate-1" uid="roller plate-1" entityUid="roller plate*:*Default">
<Transform>
